Initialized
Service Connected
Device Changed
id: Connected Device: LP02892485340 v1.7.0
  isStreaming: true
Connected
Focus Gained

- find materials in: montymole.mtl



- 2	| vertices > 413	| texcoords > 2391	| normals > 2391	| triangles > 0	| material: whisker_t0100_0.png
- 2	| vertices > 413	| texcoords > 2391	| normals > 2391	| triangles > 0	| material: whisker_t0100_0.png
-53.633 83.9362 123.714
-53.633 83.9362 123.714
-21.4726 109.948 111.198
-3.52005 129.559 98.3763
-57.8201 102.377 131.684
-37.9374 144.275 88.028
-23.7438 155.893 55.6716
-18.8003 154.486 35.3876
-67.4307 106.927 130.93
-56.5569 148.734 88.7149
-52.2167 173.373 55.3183
-49.5023 179.462 31.6197
-77.7391 108.926 129.238
-76.0887 147.571 91.2296
-76.7468 172.909 62.0105
-76.118 181.834 39.7596
-88.6431 105.315 124.779
-93.9619 142.675 91.674
-97.9944 163.77 69.8617
-98.5037 171.175 54.6422






-46.8448 108.607 144.482
-46.8448 108.607 144.482
-20.8072 133.268 120.368
-7.17108 149.277 99.655
-54.3391 127.711 144.607
-39.4513 151.797 87.5557
-27.4374 146.741 52.7206
-21.8147 138.248 34.4422
-64.513 129.919 142.314
-58.5586 152.978 86.8078
-61.9177 168.53 48.2315
-63.0322 173.737 24.1962
-74.9165 129.334 140.182
-77.7412 149.64 89.9779
-88.938 164.348 56.0003
-95.3032 171.531 34.0222
-84.8666 122.491 137.737
-94.5856 142.39 92.6865
-111.852 153.517 69.9903
-121.088 158.942 56.8759

-38.8891 111.005 143.123
-38.8891 111.005 143.123
-12.8368 134.942 118.307
3.61685 150.752 99.5824
-47.2255 129.379 139.378
-30.2486 143.485 79.6334
-15.8423 144.992 45.3761
-7.93361 139.927 26.677
-57.3431 130.578 136.242
-49.3175 143.473 77.7829
-50.6571 163.612 41.2599
-50.8015 173.382 18.6643
-67.5738 129.053 133.767
-68.4793 139.73 80.6072
-77.4782 159.155 48.3915
-82.5887 169.797 27.5161
-77.0548 121.35 132.157
-85.1081 132.189 83.808
-103.394 145.994 63.5074
-113.28 152.896 51.6185

-41.913 102.057 138.329
-41.913 102.057 138.329
-15.3823 127.651 115.778
-1.37188 144.293 95.827
-48.4583 121.36 135.954
-32.3174 137.194 76.411
-19.589 140.937 41.664
-12.9246 138.229 22.0143
-58.5077 123.748 133.319
-51.3423 139.198 75.3696
-53.4176 161.515 40.1717
-54.0972 171.526 17.691
-68.9242 123.402 131.199
-70.6707 137.229 78.7907
-78.777 158.395 47.4467
-83.4269 169.743 26.837
-79.1953 116.794 129.57
-87.8555 131.213 82.272
-103.359 147.81 61.7476
-111.675 156.002 49.4818

Focus Lost
